Use these login codes in case of emergency only.


G-i@rajsandilya.com:- Raj2892@google
   1.  0572 3985		 
   2.  2652 9074		 
   3.  8637 1315		 
   4.  2996 9700		 
   5.  8366 5990		
   6.  0758 3827
   7.  9362 0706
   8.  0817 0314
   9.  4986 4591
  10.  0790 4592


G-mail@rajsandilya.com:- Raj2892@google
   1.  9435 7400		 
   2.  4654 8934		 
   3.  4077 5832		 
   4.  0665 2194		 
   5.  9078 3789		
   6.  1277 4340
   7.  6038 4597
   8.  1453 7574
   9.  0106 7645
  10.  2038 9343


G-sanjanaenterprises00@gmail.com:- PasS!4906@SE$gGL@2806
   1. 7735 9209		 
   2. 0237 3128		 
   3. 9667 8145		 
   4. 1290 7461		 
   5. 2109 0762		
   6. 8050 3927
   7. 2413 6123
   7. 2413 6123
   8. 7679 4141
   9. 2522 9610
  10. 5132 4203


G-sanjanahomesandoffices@gmail.com:- pASs!3879@SHO@go&OGLE
   No Login Codes...


F-iRajSandilya:-  ????????
   1.  04390845
   2.  06889963
   3.  06948285
   4.  11697445
   5.  50511761
   6.  51016295
   7.  59612122
   8.  61719193
   9.  62959343
  10.  68500144

